P_H2O=[1,1.5,2,2.5,3,3.5,4,4.5,5,6,7,8,9,10]*1e8;
T_H2O=[100:100:1000]+273.15;
gamma_coef=[...
        0.002,0.002,0.002,0.002,0.002,0.002,0.003,0.003,0.003,0.005,0.007,0.009,0.014,0.020;...
        0.024,0.020,0.019,0.020,0.020,0.022,0.024,0.027,0.030,0.038,0.050,0.066,0.088,0.119;...
        0.105,0.088,0.082,0.081,0.083,0.087,0.092,0.100,0.109,0.132,0.163,0.205,0.259,0.330;...
        0.263,0.219,0.202,0.197,0.199,0.206,0.216,0.229,0.245,0.287,0.343,0.414,0.504,0.618;...
        0.459,0.389,0.361,0.351,0.353,0.361,0.376,0.395,0.418,0.478,0.556,0.654,0.776,0.925;...
        0.632,0.557,0.523,0.510,0.512,0.523,0.540,0.564,0.594,0.668,0.763,0.881,1.024,1.195;...
        0.762,0.700,0.671,0.660,0.664,0.678,0.700,0.728,0.762,0.848,0.956,1.088,1.246,1.432;...
        0.848,0.807,0.788,0.786,0.795,0.813,0.838,0.871,0.909,1.004,1.121,1.262,1.428,1.621;...
        0.905,0.883,0.875,0.880,0.895,0.917,0.947,0.982,1.024,1.124,1.246,1.391,1.561,1.755;...
        0.940,0.930,0.932,0.945,0.964,0.990,1.020,1.055,1.096,1.193,1.315,1.460,1.631,1.826];
save water_fugacity P_H2O T_H2O gamma_coef